23.502228367446694
8.907968748825173
8.034316278048284
13.047663588355388
14.940283623235306
0.9856396395959199
5.917901110338692
9.102443261330434
21.94597257300806
3.2218245559610366
11.434887541062402
3.219685182540366
5.612021843519341
13.124908944445124
8.92683765705023
24.957019337214273
18.378421275801855
18.029679602898483
11.197366789935117
24.372249433181015
5.728092453067088
24.62479199531242
1.677234198014188
15.257756235811378
5.936233590724949
5.190642224503522
9.815757715165038
16.940696418668598
17.90735167901508
0.8514413995067527
13.621737534919177
0.931796866199397
24.248287505635822
12.501737106299451
9.688212643297481
21.483880626560627
13.683507821954443
21.517833708902636
14.790245822257006
15.493308778572224
18.72072338544433
14.908492647540703
14.243583575010756
22.143372126312325
21.120397290547864
18.19699828797885
0.6544013275403382
21.248200148850742
4.2119419682592865
14.058122173902355
2.476484422202241
21.409115062200833
22.43245005544947
20.55870166420249
9.922086407458433
19.84239718414463
14.640525054986558
19.76951297530196
16.2463248456405
5.0782617493256605
8.77830830013822
15.528795794905633
5.242368246942145
6.665418414850249
1.3190483044898977
8.244242452908997
5.945794814333438
12.543902983875412
20.645570707575374
4.820457776914725
3.051385684957428
24.87093970905059
24.0567522867976
8.092840380000396
11.394261592030261
8.800411174163592
8.494634914728705
2.5365314819896403
20.039626467966222
6.026092739318334
10.324042137789741
21.500519727214247
11.061550635162245
10.802115227242846
4.579598839209598
20.792197713009934
9.971075775151487
15.651201354665375
14.021786624461924
19.106588165073134
3.977577509310942
2.0620310619166333
3.1141954589754577
22.55718466781677
20.83470093388709
3.16167753984965
11.648378954826235
3.421762508064602
19.933302867302334
0.6273538307060983
2.2007278960724546
2.1667413940933495
8.55874292500099
11.973799854969599
4.907539641035536
16.85760622252439
9.828473311931809
1.8184489463716258
17.189972866113063
10.200594776624442
24.768276802344694
11.786087655654
5.049815367888597
1.6923098411712412
24.271624470502275
23.36804259387605
6.390025491192408
20.679101750711474
2.3165192630625278
21.297993055454818
5.4907536165087585
0.5470219268164378
19.787808917915758
11.847341931601893
6.292045528563714
19.77582454739992
18.570348287041455
20.877627842305678
5.498720220134079
17.19696849575477
13.239520246358891
0.5158011226642556
4.730883041918804
1.4957378703276154
22.680497621980237
10.94024563427304
3.9953245143859757
13.791560533985997
11.316281319993603
14.981248685235219
11.648546734090678
12.018298603818561
19.31690574745532
3.0491981628431697
13.761420935334986
1.8077224876315552
23.198367453899877
4.307098821979285
18.378487193824146
15.654585275650184
7.599680790570656
12.00107907718502
2.5916649525111968
15.310650860185895
20.7501297617141
6.4533650114834415
17.618657716638022
11.617731354860549
5.206147801788311
23.40678626482564
24.190575985165143
11.346228161122074
16.848389970003485
13.18818976734926
12.511330726624811
12.055873577862156
18.884460911417193
17.5302036024556
7.853093198300903
23.539308230277946
13.701375482845856
5.856619092378845
24.497630037772687
23.04682913868049
3.8542268450537183
11.396238906501093
7.22258073834198
1.222089055581499
4.2636602204552645
14.64332864173504
15.864750834926728
1.5037205151452486
10.824633308058083
12.429926261496272
14.669254707642127
22.666800098147938
16.102588024696956
10.216030681301236
24.153840837754732
17.19077610922007
0.6105281585664396
8.138312545821622
4.082005760301585
2.2469118604039497
18.321634655841823
17.88627090403085
11.846498695350855
5.298508150698803
12.576937477451718
22.59684918509346
21.116574903604203
17.6010952700653
18.396189457487726
0.6743458668924812
15.997877044680955
1.2775040518282932
4.392476464107498
1.7520091390348518
21.19306514196812
14.124144762352127
7.027220350842947
13.91504768976207
13.734339761244915
5.880040298930794
11.822131394448409
20.80184065262278
11.785744498815804
0.35908797665529235
15.368284422583143
15.290960632139114
0.7836550609598564
9.60873811851519
8.539876442020752
13.16618913947733
11.798116906527165
4.114695391244555
5.231370678012381
20.43003015887688
11.455688696536154
12.02148322873063
2.1915967068297877
1.808290346384489
22.06623158730722
15.382612253438394
19.127021018726836
0.4541184937262882
14.741565682569666
2.5918276098002013
9.188783301686973
19.919469333415048
7.283191210119225
23.378332648084285
23.244217320363365
24.115269693322155
2.4492713118800635
1.0740868498560237
6.963475007180456
14.228648977324857
20.88783373059858
11.280229679866066
7.72549016912174
3.406396564030767
16.543656358292907
11.572359381716554
18.66490545328497
5.448400111260118
10.710556581001674
3.4908658963710564
14.842726888094488
7.783120091132631
19.108820394892113
0.762682843408144
16.528336485443447
11.619242782653016
24.419250480259777
16.494800721401244
21.929145029170453
18.38346420326914
14.600839426792053
16.967545868597476
11.396536486872028
21.36392273295717
15.058310972398612
20.63710952597103
12.172893874120296
24.88214082571072
15.308802267965687
23.031972216117552
2.1243777956627072
10.313376865192044
3.2236962672453657
1.3968413510240973
22.62776371793968
23.866130839343118
22.192135458487535
22.200402436540944
14.847021115396542
0.21611198921040187
8.667005265883706
14.979625997757065
15.046462311561548
8.868286399438926
24.512173142353745
12.443584583312006
18.34215304846751
16.49271228703846
20.3715374529915
14.303655078143876
21.3919328353424
23.44567233830459
2.9259474181542675
10.93469935265629
7.966750425029962
6.247194759061009
5.393304254437964
2.7032512805743094
22.132179299691863
4.939367076728141
1.9601691800689132
21.623929110869224
6.898834762801939
9.996929769781751
13.009967512113596
3.9242483942909026
21.67406871510869
2.8024357391758263
19.03336285426891
0.11070084981512629
14.664689226785782
11.632853218247211
11.970667410053476
18.235400259092494
16.541580957134308
11.632801299333995
13.444127097105325
1.2628153232063677
14.182006453280149
22.371673482025862
4.889707494453191
15.730030194382309
8.153969149229049
15.297729244912
19.993491006895
1.281679552242207
4.799433833044933
10.711810276908167
20.077072346418504
24.14215565157061
18.309308008340214
19.78664283387036
8.159332514014467
17.16286668784158
10.062987784489952
21.654772120244946
12.348740520906155
24.75128679165831
21.7288920448445
8.678992067835006
8.990829432434966
2.751217251552557
15.189802680426284
9.703692590018923
10.609762909025932
1.2001365259792562
16.26795305225986
11.363890660894155
13.140906670912395
6.839705556108336
20.479688380689907
16.40074901763776
6.253077891593631
17.29944388842443
7.648170513073685
5.398243943274106
24.704661449100637
10.011283278802699
3.1449566325054743
4.415177659814376
7.667029529550234
6.144148090861185
16.817438209353455
5.640081791825996
11.781716419492557
13.17292566503549
11.288994574983796
16.443605821026097
17.394555502524025
9.11510749322559
24.29235712546091
24.0438193405553
0.9304875695990034
6.981095874226892
20.014049521175657
8.434420746118484
19.73702165822838
9.590613319723703
22.08892705849718
15.254163474680885
18.932322206940988
7.607843818489704
10.888689284236927
12.897891470461499
22.845661129539646
12.441883970716466
0.09689938695476019
4.385379852081361
16.533484401775226
0.5467659958648535
17.255415445908138
19.313764378546356
5.593593578096362
1.6367858501693089
0.0032654621134331485
24.622647210047617
15.082952689618374
15.40803279649006
9.108895882773133
14.898051824927586
0.7713938833995654
14.525983880841103
1.1203458666238009
23.532208299528403
23.233997163941854
10.901718537939036
22.525278861074323
10.240728049140593
2.399175219178107
2.635743971500046
8.723952210847758
3.217044018523399
2.1275124957670895
5.458634188843176
19.873065260097402
5.576060120402368
16.19815564973422
5.041608675999148
21.757084662489916
15.70478511595241
13.725062648397532
20.18789859582661
23.286003656341762
9.697279761822514
3.514680824878333
16.647164769473072
13.004644144405408
16.204580773339142
18.209621460862525
7.120455064653661
20.1284809169347
4.777328819074139
0.23966985725881185
14.942114109469728
11.094613269156808
8.119646072483263
17.62196393698675
16.937757748484195
20.433869122950785
6.607386644690466
23.516446343618117
15.063880849646036
4.93119071940562
19.952198902027025
24.15068552187323
16.634845683742185
2.5463061277073735
1.0149030359754674
10.279937818793957
4.236957619409024
22.41533705426584
10.487519673225554
12.74381593737813
23.81702128964799
14.44637671742662
18.472851889481433
12.92019610450671
12.914220198105902
16.55820119075032
4.893832663162623
23.959996103933108
5.5793550834743995
4.49115584685125
15.161933494125632
8.613221282958
11.194426894453887
23.34290398062441
20.624748129921038
14.227183416441832
21.16823473142858
11.549093396926875
9.997427773647468
10.1120449237786
0.34012079767798964
11.940139377365405
23.26096904709126
6.926863401096664
18.874172177845832
0.7602017408736284
8.382434409852383
22.04105659820207
0.4701501797249624
4.133066074516526
8.677987632288875
3.971725756526129
3.8550972171455977
12.40201904650193
24.699210539247073
17.98652651503459
16.75103434198288
21.05695551180482
14.176490231961145
23.794781502267487
24.83934510450667
22.59181090494666
21.80031941650605
19.92630365568457
22.661385529261644
21.609072669337557
17.46218921789525
12.917882404471772
8.907569363679718
20.805489732932674
17.0113214127352
17.791657702777155
5.153607312676812
3.1342438115820577
13.61179617362462
9.51762182327438
4.802784221397374
15.443709882133
10.4067175754756
23.204222719198064
22.78709440655978
16.241597845991805
16.411864898165256
18.656576102828833
1.4677683855935098
9.925612128532707
22.370863148574685
7.68103117492398
9.157141841314148
1.8579341541322263
11.707209378317183
15.097860246765919
19.759042606266103
23.040687582553275
8.705576738822751
6.850583426232379
10.193793486483157
14.873196668381947
21.645629913575824
20.870962029217722
6.536638766356703
8.539225938418237
2.7961589884560487
3.4729406858545087
0.15483989485783056
4.983516179024061
19.95565720150137
11.006833685839656
16.578883558558235
10.191822387598737
15.59754066622457
8.306803911264279
2.3871900602196403
6.587293007958173
19.644030617519935
7.110195462950752
24.02141021134033
19.798402340619862
5.452277202622474
14.116537033608875
22.180830971102218
20.83979004322191
10.749642289952934
24.687031473076903
11.269623741542587
11.877245546382492
11.002113121005072
4.362125080415644
5.28959787678528
4.221698026004289
7.0406499794679505
21.395239771862446
14.58383077538627
10.014467449429803
21.704830223693563
4.365013879916621
16.94297492210522
9.227153328887969
16.79148831483769
24.636411330434775
11.786259974048418
21.104432855055283
16.718099818294636
18.992812773163994
17.42313397986989
4.026662852686721
9.026496109097106
23.156699631922912
18.789186154558514
4.961565516881289
9.162060107652314
7.155827697139053
16.531451267765064
4.210417584466727
2.8668697502112788
13.574755379950187
17.893378740490714
3.0340296481275897
14.022332509401034
24.658389487486073
20.518695981230568
5.967457080963149
13.86767398765352
24.004690469240632
22.05609750523116
6.199744177231192
14.205203057679267
23.19794830309947
16.303129597870885
16.306153567729062
22.481620295270968
18.192048127597946
10.577843762570826
22.87520481771433
5.506676133714699
24.554903305279545
19.050723682187982
7.171485927602333
11.03633351475979
14.830734252435418
2.907101329538811
14.917577566929651
7.507135804801463
20.266137562362534
15.441717523601156
1.5645720825630232
21.861827204675443
12.978894115431746
18.51226740685245
0.050537772256881164
8.65331475406434
3.3252222833984075
16.197737033851233
6.01993022883138
20.454904115216443
20.741690389813687
2.020010868395869
0.7943181931154869
20.039304031620826
19.70226389080793
12.693691952670145
10.045932772666202
3.817203145029538
15.638960527111498
24.06926164412911
1.1304370308708844
18.6483183244326
8.726361947147204
13.728662543264832
4.383926220681275
0.35360752389411443
21.32571595714614
24.58005881582024
3.3815788544889673
17.066928927567105
7.623643436537078
19.78001312932868
1.1914859012816055
13.9677387440306
16.58345461883618
21.386472472137918
9.037087659352046
2.933494574115586
1.7538464450275821
23.31493080287785
20.5052688990179
21.241250425096993
23.75025730495747
13.432819305651735
3.5045503887619347
22.632498767462415
8.338417809132146
4.9836186452516085
13.588943950480225
11.833640116360344
5.007631319069425
13.98239128236166
6.01793294951094
14.996518744010205
12.723097218008228
1.768365446167397
0.021651811510070562
18.489303093126637
1.1920747217087442
5.537913454749055
2.182743139491783
7.027540484255507
7.467956622602995
4.41269760757638
1.63248546142907
14.288543356948063
4.049330810793281
14.422954160525498
7.888684195107737
14.899343968996991
15.807856075105207
22.704847324403616
12.63643564468947
11.029256397200998
9.099294751201581
9.223497903871774
19.57026834731213
24.752670304603193
12.276298076802561
13.439745895415411
1.577290929380093
23.87601363845028
2.529550380373985
8.53891477842074
12.045865456173994
9.044895845444278
9.535636156014688
22.13376228645937
21.932948772599243
23.663257356993146
16.78549742852008
14.741527601815157
1.4156436330763662
15.465929594027866
11.706615097588186
20.816407906513106
14.488608704470373
4.48932500139207
20.775044386310782
21.694005964481292
21.748885674876338
21.682048017336864
15.740207300056094
5.473227159993696
15.83331995329574
0.48803237575097136
16.855832660310682
0.6238075476944688
20.541133935049498
5.419398274806089
23.62471616269015
22.96409045167989
18.58535033953999
16.914518788060338
23.02295849459678
24.60387598327423
9.171645407238133
10.648874124416393
9.471112282399869
3.491103060970238
10.201840379235739
21.932086043804354
24.96516817083855
23.338822501772384
10.841621380890338
21.884092335846194
16.769575784145463
5.94036574707415
23.47822190422563
1.7367450042329562
13.907490171317672
16.205809395923765
4.723672769048232
14.85418821952688
17.360211123612164
14.671782061672065
13.092858248045836
12.906184639421076
7.4082703176721525
2.7493470862682443
21.303008005978725
8.063140777942063
19.910897813793724
7.58115325978371
3.8023832559558017
22.10988828512433
6.528587912210851
21.07923157014605
0.14079027233738495
20.99736043038479
21.945260736832502
21.508762677167585
12.14320417729342
4.56711706269535
24.04201237532504
15.87083795252972
2.540150014236281
0.9932432982546868
5.713707287751138
22.318680592971415
24.744637689286257
3.8894685935281585
24.602674494288237
13.91698771293353
2.845314601332047
12.026419227909146
9.45052376585543
18.223000945447012
22.609148394581783
12.19474307448828
24.039618668758038
11.430608945889503
13.354321160001973
9.934412625576305
11.809976956591752
11.175229184784733
21.965156620188665
10.62882801229274
1.1954056116582124
8.547409650669499
4.075787278975854
9.834428193918143
23.524409035554886
12.407045483132586
8.547888399117765
16.68231747828483
6.976936174838705
7.727783866536106
9.810207299872106
7.747992379415922
11.577281236919767
4.4326564391262115
23.413731668447227
15.938596366812826
11.536459611462826
24.00716085718249
23.286236037754275
24.69415163055994
12.43414231079962
13.09495446785279
14.64356914366158
12.140094529051183
11.75074122860307
11.29403334565674
4.3324371436467395
22.76296405021574
22.124485966236136
9.47770602294929
0.5405595398343344
10.709440334150798
2.4163551634335394
15.164862151179307
16.314964845912804
23.93099392405193
7.217470530356479
17.75798989066781
21.17783108024602
7.1122228136407255
20.82907220735855
18.85509378794266
7.321637842246997
18.63052689568577
11.984464461609196
11.32309347782783
11.401558776742585
7.698092499761453
5.665305990026689
5.395500484495256
9.822883578675013
7.334228122683195
18.291393741581558
10.726099695623509
9.644895196626138
16.906908437271497
17.33359806464722
15.093063351315038
13.79002379450657
24.66696323297908
21.013849381639517
3.304373665057503
23.158218191008693
5.9766594304978025
23.214099432358175
8.805618399723048
24.50135740415743
1.8064975240673853
13.017933862860437
10.535173464066267
1.511174053853201
9.539870171668394
7.454018057456641
3.70948334577455
22.516521466805035
4.18478856791413
4.999812009815932
10.452594700901804
1.4719730673744795
2.7452160282139646
21.237013194304954
4.509284343484721
24.549596559342376
12.751605731600726
11.726928539133135
3.700085241028342
7.6194160892888165
17.791068869741277
20.69448801006534
9.28919927717472
0.2214177458205291
23.312174081521746
17.473875478520632
18.042725902260276
4.293116401900979
15.00767740953294
20.87676076528316
0.45484290402413863
5.921572546270096
19.70058195534463
14.695859962522967
2.413515866838545
0.7373826262658228
4.874723626521457
0.4520822414841724
12.465002094712554
3.2605439315952722
7.8006573064004465
16.23275839465763
17.81787147742332
17.54424051872287
23.61095110574702
23.05146421785114
24.30245074731994
10.842469130353452
3.676034409584403
22.586713628927495
13.670555745280902
23.75105293378301
21.222603696750177
22.427287989996834
5.883053926220317
19.338991831888112
0.32113447362210057
7.066249053169077
9.389265305300764
20.198209996465728
2.1473757295797813
4.843666114801959
3.8523880071706733
6.094660131440943
18.79477560205128
12.83986870695214
7.319087862036697
21.00236273790462
14.880606786196443
3.3665239528963165
8.469089546826245
16.744358046259286
5.748127638400921
12.192110797232973
19.312045871801608
16.250662365300343
18.220433629087232
24.971365065790536
24.524155001271378
12.57322201700225
20.60873795499476
9.525021323038121
20.535955710022836
5.271474881012983
8.018614962272036
12.636698773901106
0.495406433235715
13.599522586616446
11.932339809306297
0.8980216916390477
0.33681080457134693
21.08704607412441
19.573752988652743
0.8410874132180002
1.386348871610693
23.610977013352436
13.68416653332465
9.14913461605566
11.228910347426558
22.903577099772484
2.053632468027464
24.13179401829638
16.94862868873621
4.634956060021883
23.461488209000184
19.890540127439618
23.336956780286926
14.744185483323147
17.583383917121154
19.682987783057097
3.2373210805110575
24.573065803592247
5.919091673790603
24.921425805910825
22.86433602964288
4.580217166353054
23.88620674338056
21.011484115522684
11.698257691177622
7.980559325315867
20.909418832995826
10.851106974952776
24.411797912722214
24.566378657308988
5.61335802256221
21.267983529760627
16.236617811221667
1.2210552139354154
7.099086544340985
