13068.84440276104
20099.509793401237
10216.831593368646
22796.607438841478
11095.755328119732
2678.939361659277
20636.181260127574
17509.90307075007
23209.11597790695
10821.835180431539
9812.555622792132
15455.87832341279
12367.342430757422
18943.07435374671
3651.674542995628
7417.997239213137
8785.83736289719
6255.137802328065
10234.96234669951
1623.6793940104355
18423.35612583761
5055.933910904534
21441.617686655107
5228.161516564914
15216.550483121919
5941.1894202203275
24440.000737799437
2665.4657781661094
14599.152234730895
16556.22863503901
18497.392264249927
19046.256591515506
6628.401354509256
2655.311645679673
23890.215486477686
2607.559828611503
10171.202333175386
5983.748417307496
873.5350049740714
2138.2634066725386
20076.123058284495
7838.847008520933
17689.18582479601
3317.0124737224637
7074.7413410975905
15100.309627405137
17456.122427136892
22005.562284344272
20316.964571284938
12049.018206213086
9494.59331579317
7740.8453703554815
9949.844509891705
21415.21255964453
1187.5114708170624
11962.949761002643
6998.031627596443
1812.905179917862
16877.879591731064
22903.905576288103
19996.401519605814
1026.9157306136922
20540.411316417216
12543.627874416155
7361.515193635982
10522.255971733426
19048.472254396405
5614.539965691262
11368.46182460911
1042.6575581876207
22784.250120163713
16305.373545975837
18823.265723072167
12255.843685562088
5110.5378721911375
5077.313468000069
20088.412813459683
21087.73667329158
6836.809058895923
10862.111812617823
22030.197155611222
23666.097613372687
1270.237120625256
12861.993441036695
6711.466597927665
9666.171149643129
19744.09281686043
21215.11079541403
16251.970816666206
10316.724388302426
11661.451245493623
11928.011033971377
10220.916065570607
12384.45479465807
2081.399407364212
8708.017130092689
10212.442995672436
108.03064882689561
13707.942415627916
22653.623154826753
16884.639922370796
15300.13469830215
13818.567216434416
15179.949560295563
7716.339957376539
12676.67704528174
5189.925153879388
68.99428001475304
24053.313448276494
7906.918683583419
3442.3601124291936
22140.872212801445
8676.627213791186
19906.577494403362
6433.009364313988
17742.4140837661
10130.801525660094
21518.04225713802
14378.964597192298
1043.462089025962
2398.042212813911
8937.658425746456
2287.4912129529275
5018.871801322361
3197.2027707286325
5059.604262397843
4009.5611465475718
11975.694713465973
11222.263790460041
309.20366031014777
14815.952938833727
10560.203490015027
22015.00624047395
6535.598039825144
6821.948744867934
14348.360051959897
23890.178415746956
5124.50022402412
3857.1484115184603
21386.036641127375
19398.841279862387
9676.351953315365
4491.183457663353
9401.734689341907
14226.723839495764
11373.501236936245
23884.13607061774
22864.74290499273
14179.276207651297
6532.098450408174
21932.197567199968
15605.625173329125
22003.767754648892
20800.232542888454
21824.634759605495
16353.623568489247
4241.143984093651
18023.392034666034
24617.379672868847
9276.999387258405
4086.4940699956
13951.654191380521
16761.562413112573
17437.54543917204
9366.8611759953
5710.094014008618
23702.071664239236
18989.429612944146
20218.769119800556
2294.694681976303
8681.735531412827
13965.243765828542
23865.20625519271
24290.64309951084
1750.959802018051
18598.56135230592
24052.955009556506
7538.187895668047
19690.693312844516
19332.51264366564
15216.031182760878
20593.330649775387
3108.3215890503834
19957.829892656755
11279.631058220873
14546.418516359885
2361.6152509195217
12711.502327882283
11211.367285877324
16071.298704064951
14205.108833079526
22648.642595855727
7962.7048795248675
480.99897509909226
6136.301468534106
14175.341109868275
24323.402173619572
16062.977550395333
15345.818338853038
9299.245729718845
13435.372758863381
24057.802532932186
23946.186644943347
23917.29801328626
18279.79447282199
20329.690471264938
16768.137895609343
6316.488792750002
18362.401368864
15055.662310233942
22471.351778771124
11013.712346180784
3076.788787901805
15632.129188441268
23018.319928854024
11104.720238011778
24824.197744459463
10463.560319592782
15705.508181743555
18429.89984711337
910.6094004444842
12357.435658854027
935.2643357312701
18096.013949888187
1528.14160947157
14903.025064532896
22744.916270037087
7218.262765319156
6757.593436077788
18458.59392928
7786.269019628686
7165.960565823659
13502.638221098656
19212.454124311393
6969.2141067227685
19107.81268156142
23583.53624022467
217.8634177854799
17347.424986708
14259.2351039839
21879.373833688853
17330.080473335332
32.11844846235101
17934.33732123438
8412.720307341622
10595.962358753291
12971.619176612725
10299.15952896811
5619.230271810491
17862.306964811167
20329.973808731287
1610.4166273647663
21737.08690792321
22178.72514261504
22937.11797849061
20705.4838237117
13287.336802447127
2974.1189727391343
1866.1098692856453
7584.5199038561295
3996.0297672533616
7982.954766838237
4619.695163375356
24094.59842550903
9232.721197999525
18488.29943560069
5678.985173586629
15988.390600478022
9107.274224268058
19633.182394624364
15281.279232975174
24986.400662972734
9778.033150780064
10330.165422812717
17252.0776201643
10921.94850103428
6279.31284260691
18671.055796661163
13518.082984590046
1592.0330810010319
11274.806587294852
3704.5420853934584
14573.497268195435
16574.918307651264
17585.860343424618
23009.080034520597
16661.18749823758
11006.710516369652
18129.73162156032
2641.694415765483
22763.28402218685
6134.411588652608
15032.80721394296
11790.421171439366
20672.55061002535
15381.85846763266
10157.401019368888
18798.93584463738
2436.364776716485
12677.673876928977
7098.130204701514
13166.49730039603
20329.402205830385
23900.77720051007
19865.00433418926
19654.63056086377
219.13463703323865
2499.222954946878
975.2366480490216
5754.074194479616
23740.002918581653
1632.0554362981798
21524.436635525493
17481.310631134915
21087.633629971213
2571.5888094533875
8000.202859743261
20783.583350205787
11483.730984644946
2584.9441529256887
15137.289961278602
1734.6246191310477
13445.282589656628
5088.881850814378
15993.387095227115
13200.379915039903
21918.464343115764
15540.920120391485
19648.197208902515
23744.840829902354
14108.157269308243
3292.4019289528123
8495.870803190706
1230.669259389472
448.2307428936544
17485.649513942644
21011.994920517467
23847.61498732266
6615.7574718225305
19027.51120179884
17131.21181448401
5173.799754022218
6794.093500137272
10715.57284482538
1970.179705914657
22340.751617106784
2535.246711418615
13730.98729977313
24572.968238131736
22432.66709071409
5561.237289070359
943.3299338706652
11642.117866828108
1903.670247091202
11677.132796343782
5798.076675718433
16848.466085437543
7043.927893347937
21645.231480757222
4976.248216656853
14286.487995549496
15366.297687893795
23390.348639901833
23528.466260181358
14959.276658245444
3219.7472819060517
23270.429266088948
7792.100625788626
12838.412944765127
8964.109240316842
2354.717659643718
4100.391262549774
22048.87653608095
13662.81036033837
1703.4795188053147
20086.368818757026
24077.761127955364
7466.027612886475
8538.755435137493
5272.100031915547
3597.9556394462847
14666.29528239484
22934.91913428399
18615.21594801026
13534.078948906576
13811.909287679839
7240.7869550152745
2759.8943769614802
24377.84042979227
11260.545875777938
7871.807339967199
7908.39673232587
4483.626682830838
7146.328794213789
16381.348446314078
2491.9627197164978
22142.50834051849
6918.15209578118
3834.381075292781
23176.317035488126
6643.982774140178
4385.386717991563
19464.83542167922
3187.2216885101307
4289.653980266373
18579.16231893095
16399.693495793526
485.469034980604
16421.691294809305
6703.252462274814
3878.3717116472603
958.3967497509421
9971.27854624396
24008.138169236237
1885.204827212303
21526.454000433256
21818.41249923174
8575.167403412903
15445.86726430605
8888.544259079401
11384.275841098437
9744.783151879657
2015.2978688451951
21548.813735392065
1351.0581112902737
3263.6226247936274
1405.2329602909058
20780.248325487515
9221.475341468866
19159.852247928586
8563.683460405391
5286.893319227909
12591.363270172571
24884.43221313436
20226.718176504764
4526.699898097708
8513.618505702943
6378.067598170761
2014.6643000651943
21950.946330733503
22180.37993714963
23439.422448906826
2940.344748192314
16803.88569499322
17342.733052954012
8079.756929143456
14536.231554930173
6607.706866605584
10423.351326692957
452.44800259516273
6890.403994078529
12033.098667876402
17157.37301923903
1442.9355653767684
23807.953897170548
1524.6475457354081
14820.437821780552
14095.465340599774
9084.985797588637
24812.996318095582
9670.199939751006
22737.544769365235
15496.635455973543
2302.137567956425
8138.764181315913
18941.37426622215
17558.50585006658
11270.413901203941
1568.3638360454804
2333.5741450754567
8422.710700445004
4867.724302255963
12881.25607807141
11730.345692349647
10415.203960563633
16029.166844965317
19517.161033775097
3134.781032768408
17710.335793553077
10656.75303189342
10257.73670640284
10786.359423526985
18471.581214494963
12746.049604234799
4187.4354989660105
5699.724013866772
12464.15989219701
3553.5488902252832
8013.74684153364
2970.6698577688594
23665.741993948788
22413.247582500146
13287.187866258688
14561.83556083946
5765.734629642349
18417.374310827872
12722.563373739407
23308.910906078003
1651.6118084425157
19876.396351866584
19827.870209242203
16510.247039278813
21032.533148211987
2267.382486692396
8395.883610786026
13678.57126480364
18246.00048793647
20267.488968787213
23105.823089459536
2843.0875581169107
10032.546417964688
450.7896615734003
24518.637892229515
13193.548544836884
20646.477402815686
18301.861333237724
21129.336473238676
23854.976021885428
4097.4302581602005
6368.477621304036
7863.410288653444
14172.505010874931
20588.028448914803
9638.469985947278
24471.79347436579
70.41912653328598
11327.165768100644
19582.2493944237
18689.925645368177
23827.742561711788
22856.464628793467
4752.682791894005
22781.370502381105
20984.845269783877
3829.2067704118417
13377.961637124947
3185.0784595639198
3061.3210086389895
8826.547683253277
2020.800443702675
21427.759293771822
18324.98246093327
20285.077904676804
19108.73938926536
248.9683696998729
10005.127410894765
15942.806515858563
17965.526811714382
22016.38608222323
7090.303309284096
15387.398650865744
15892.505430883477
21982.41532468278
7191.625554387021
10311.007070484313
3861.608868333502
1750.5876110025104
18887.256910780907
18940.294499036052
20488.037190280513
3481.4175352365223
22492.000596944654
5818.2510810341455
9150.86290957015
2872.2190573718385
8318.004565312867
23666.171848598267
3423.767228094207
23794.026578867666
10208.415859129094
14449.666167087173
8365.807987647902
24661.162326537396
19435.378957984893
2011.821020118243
13703.552355619997
6145.102574564095
14957.102930589655
18719.66288088107
14511.122346272434
16724.1991679537
5525.784295616712
8496.810738170921
663.6238727800614
11784.426220070318
22229.002257258988
13385.71615024843
8102.144331224442
3553.723718218696
1731.7590806806809
5397.158771048085
2804.9426801438376
23063.626323792756
10764.676683223885
19862.657339990965
17309.6371068982
1586.7576195275458
6275.914729853855
5807.228488525926
4675.176034484369
17597.40092803021
3130.2082207807252
8005.424504289352
15910.028779429866
21244.740269010843
7297.97749359522
9372.834719643137
19124.5143006032
16614.494567137586
17130.808531884843
16178.261336717214
11990.360854346502
2684.5616320089584
23566.641482252642
12238.517426127624
8509.545027701712
21853.903610589132
1948.8517181225545
16778.315184424646
6607.146012302517
15241.30812569874
8577.961931491016
4001.963034396752
14669.406242057343
11611.776146104075
24143.052265569993
5631.612153337321
7848.370179744238
6793.183231924185
23802.000796630044
20718.526167569205
23748.43833319232
22794.478539065374
24895.510338977063
24929.380346297792
16997.847142385304
20529.086197898836
18089.445799309007
4248.839629787591
23189.5484159192
2083.293447013915
1143.332929273036
10622.680448278934
9751.147826082135
2849.2980039091176
6499.921162795927
24492.466688141452
14472.508594360419
15566.220121597216
19481.564410967487
11443.321964912284
16682.324600185628
7379.762240770116
23063.709482977854
2300.5676720060014
1421.4100197004475
12442.34568830977
2974.130356830229
7969.029357603091
13410.646953758314
6330.4154778339835
3238.6016674980615
2110.5578456216217
5155.484668277347
19654.257677610596
12259.524627398194
16400.825019339445
12166.566478294539
1678.045264812214
8073.59904668978
19595.71125112957
13007.521015856204
553.9618411422281
23587.94898436379
17970.603579015617
2706.1358892359417
9904.139102644158
8341.175089281965
20872.693997146926
24984.087583600987
16957.77794807538
12676.636549244306
11146.860939351172
21773.091265487714
268.1948898279302
3149.8314436041146
21059.983739005867
17591.781404625945
15195.68523214868
9520.062582186994
15056.548624671223
11557.825778253626
22846.961953646034
3798.6507081236855
21230.150816366207
1103.728983952773
13010.574351943897
20541.772970986734
8791.024480474423
8852.466882363036
18820.08000620508
19885.577113017363
4048.9680388746256
2590.5465562063077
20412.89113227566
20724.54489477734
22514.062664209032
12851.27834962086
11732.587928689678
15931.138133687125
19644.317321263334
13289.988890255589
8846.127272855503
24605.598690338004
2539.899743383561
10795.608244314866
9714.76655725312
13029.324993141687
24497.86295252946
20139.498101745983
24268.633420089853
1273.5792970307218
3799.2785365807554
21912.594720921097
4889.7879327384735
16287.354201115611
17402.460631910388
22545.875203471154
21007.2204052492
4754.02649457477
19361.460366772437
1346.8576359287888
12449.639471736518
5066.027528053082
22778.267772212515
16716.292001259524
24488.022368487465
22420.051750880444
12930.178352110292
2034.3858049159364
23129.78751180005
4282.408277744759
2890.52625211835
11124.86289882734
12200.08179774876
314.9451782320678
1481.4955118031241
23717.84547535818
24063.055952637056
11286.531815538292
11761.991127403495
17938.99217036326
8497.135603711567
10523.42166061019
16461.538263346007
9552.524875444058
24243.18239719261
9073.872499994734
9822.961395262808
21479.719430793353
20093.061328484902
6978.235424643026
3212.0744903827326
7002.133145063227
2078.5258380613236
2845.283671059845
14591.896938754557
6040.281283930135
20356.459442709747
22338.876773589876
24541.904708557347
15973.67875378904
23766.38922446285
23176.128186009642
18929.577931826454
6637.1046141384
21759.836602980322
14829.064424362814
15612.034949842671
3390.63584000272
12468.430023899682
20306.321185381086
14659.779842325954
2517.4556484505365
7088.860422567489
5169.768214879619
18552.601196553132
19653.62525236123
4517.624907697368
5312.999413650496
15599.439126174691
4497.9574607963
21267.151558681457
24994.459416741352
6479.509701446021
8687.827482188273
10137.26186081107
177.543433483518
5291.26654509671
18458.200231544277
6902.088698397987
4383.328077140513
12828.76879931839
9526.344023442116
2402.4189533114054
15008.662401706277
15981.784877460945
23563.660100516776
22907.085354698236
7403.168164018914
13176.477105297343
3628.7278878655516
14424.408848133493
1933.2656969119123
1637.7593167630266
10042.144407417305
16805.815358597985
5789.666026826399
12962.434950798677
18383.89850812008
5988.654056702131
16416.840566342435
24043.982984939237
2587.986422148525
2573.853595661554
12158.795368338244
785.3512166676846
3496.668275767581
17126.457302120325
23025.050582469765
2275.39945234724
1718.2012122308133
2123.1960206245985
384.04883821145376
8187.615208444873
3207.0886825855046
7351.142991140502
13888.277615941704
7086.512211883961
6654.830033883136
14785.13797814359
22026.221550931215
23097.595861251048
3541.842380756338
10539.033968341048
14380.824536755432
13011.069890862276
14557.684335182874
10396.96797160914
8952.461178873014
10347.445556079676
15046.895277146272
16685.732289411513
6776.4948310661985
2214.979197026512
22181.712473782434
22847.952741544173
8531.307932505819
23934.372138842562
7700.632555775189
23018.176196343215
8892.273237280888
20395.425627896275
12283.208619502459
2190.0817851305655
4040.4452251908333
1943.3461794084117
20956.694792602575
3192.9381198737424
981.8241476376638
16269.164184366897
13349.07632720212
14669.0365613078
4173.872972465801
16299.220286760941
3115.7255770089014
24561.23421560151
390.52051678596655
2442.954716085069
2473.3731420333525
11280.858287187306
16785.22674470802
5766.218018025748
15475.267106929286
24731.115288260764
14733.732130761542
6709.100600502213
2455.353379092415
16709.77826637442
3253.9608697951276
1862.7701288152693
17957.0008296513
14907.30495396026
10610.085046548165
14059.073765027306
5443.221842266005
21752.681488444796
16111.115165631001
13609.665947189318
9160.573134259508
8739.156198727685
16111.413418775683
5958.181587684932
11697.823633659485
18585.673959425352
3811.3824678331716
18279.48066860964
43.20558917730033
6657.195349659781
6641.12204300403
9674.251421384248
3300.488592604403
24478.21910085557
22788.19309342343
11565.259206437615
6674.323584059611
21928.719215349258
4802.676175529963
1703.3015019851466
3879.2445260264763
20810.31572618886
3178.5440228953576
1836.4157189727364
3764.410878861249
15912.919068501396
6369.943105895154
15585.164113248045
6677.621308197015
15498.179765613171
20854.2794420101
14399.819948090924
11917.320007779605
16245.992570798542
601.0992480647182
10652.029210060024
9540.26839355212
18183.9098848956
9646.552474603895
2934.0468130800796
22805.24548210289
22936.723459654328
9407.820334667691
14502.88461757206
1639.5901254737166
23794.593022601166
3900.1790318424823
21514.74158201592
22715.585828107905
13602.985812832034
1141.4798424039864
8246.80852791759
3017.640942490818
6326.327942380877
7744.605599831713
16899.08917146903
6168.914256289976
15329.649171543164
16008.06857639647
4808.099166579361
14267.473130130664
5958.630088995337
18718.211017980793
6987.340828208735
2557.270773288553
16878.353072665006
21373.555139921726
1836.1934385199509
14928.178288555522
23854.688580452923
14632.658668356486
17629.37091121092
20001.99795422975
1229.616653615978
21471.411206904577
22013.358122291345
5417.826153821178
20252.94737936099
18814.019314689274
6194.241428286876
16880.341941281535
9687.75132173393
2274.009216416417
9803.113059084064
18578.526482938214
17705.47048626276
15107.379707418162
6570.727487866274
17720.02989653649
5029.050906128455
23539.626278581723
9932.357052679672
8157.832727997749
17568.569344787298
15281.664457751203
11516.787094451229
21411.05311186295
7423.722254710449
1296.757999578002
9150.16877951873
2800.7022199363823
