6.392116050608907
5.238358587566745
3.9694438062806183
0.42100595609183333
2.8994306628012967
6.6848105266511375
5.9885429612732874
3.1806976508329186
6.280948448814572
7.554949989450893
7.001346128118443
6.500619572794905
7.206695099232644
8.738585861635569
0.4309320500585412
8.376591189332972
3.05459822986628
4.411238318970644
5.075086348586132
3.9163924461517876
0.004315475900292798
7.484864110502966
9.859110545289859
7.760653702053558
0.684242624425534
6.63707676650838
9.276549103780962
6.8412393223475085
1.2471267601819502
6.335790698315982
8.222355126260423
3.121598687077707
9.767291233476655
6.715672591941384
5.909358551858121
5.621756693239627
4.30755497924594
6.539740796096152
2.982717015194031
6.626318581608215
3.8965096469848937
9.793899411489166
3.808367064428225
8.507072290784262
8.98689088073947
4.714153834372075
7.210311230188033
5.062466907130211
9.733366076192135
3.2357016219034618
3.667916799484824
4.684456749640612
0.6331311298211806
8.980052807146903
5.158219037471544
2.0088975501654227
8.715290650323288
2.9607766499964483
5.439556886908276
9.988887158576192
9.545076264902711
8.190436904127745
3.621694548290386
5.55114734158817
0.8265306582299969
7.310722093860065
2.3539089786232017
9.153744956978983
7.342367966194274
1.2447317249757262
3.886358247344467
1.6591503699001808
3.3622950365292525
1.6848381376377608
2.6213623298339437
0.9698433360225867
9.481159851307968
5.9814880721108885
1.5700687706180527
5.844370414951699
0.11587011816486248
9.687769251463543
2.3662928770488367
5.2199638440757745
5.595101893322277
9.641514693417797
4.163158327231857
8.21354120410468
8.918397782280964
9.031174142819289
5.849487553823462
2.7560948972108834
1.8413328990788502
5.393632916647968
8.571719730396154
9.536199759738423
7.961001819131641
2.93161281380262
1.5334658512421162
2.5865568862914623
1.9311630057601648
1.9152420486378507
3.468633337820244
8.443201273494797
3.8289497021081367
0.24683589076018086
5.045384110898642
2.340204420825285
6.025138174827594
5.5198798303540375
3.757019855000727
2.373402787820107
6.677540274473468
0.09266455923797934
2.592208969460338
0.9748888364411568
9.172169758955565
6.823969428587594
6.950808270319413
7.3857038966833635
0.4793998490201845
9.18265036852296
0.8828505834767519
5.097372921785967
3.472421344558728
6.4449370317917785
3.777104949879091
4.453630330417704
8.772877898793313
2.632698544861701
2.1119406379067627
2.761881215217843
0.643636020053644
6.722890115274749
7.8050527884789815
2.3596509462446913
8.841230127006462
1.4728466853335964
5.059943010310908
1.1144786466557055
4.170594409806766
8.958041709840197
1.4058653270710042
9.806411083701823
9.75227405932285
2.6083832910282934
5.864285744966876
6.750458118246261
2.7173902746947034
8.156070962604957
7.848727489813491
1.8620740731316576
2.1882045741001797
9.472494509731876
4.516200197198352
0.1519312148190577
8.98221051745566
9.773602865394906
1.8372461374299687
8.356956911190954
0.49526069775305603
4.112627644590856
5.637956076680936
8.07280584154029
0.6743078093683763
5.456001090232706
3.291141717460564
4.348646154591168
9.882926684989268
3.952756297185628
4.595179665625652
0.23833730563796673
2.7928528999548394
7.259654944673562
1.6778641336078937
5.272783100766736
4.202357593486586
8.97373830918562
2.498942226970212
9.226445058765178
2.8873549007489374
2.350952672868999
0.6988256793869108
1.8967064673508771
2.2337146824463696
7.55395055145396
6.152306847054039
4.897977370043175
3.4793350402053855
2.674125765899329
5.6349331897050625
2.693137541336008
2.912101664154471
1.7123901601519453
1.4960199083433523
7.243114432717457
8.324945533552352
6.580154048563211
8.15611233008807
3.751098170466868
2.421784828305791
4.996428876414346
1.6080368522926214
4.011097464380749
1.698214519807969
1.9089159826475621
5.899505059590569
8.841246195214435
8.588387993717145
8.75640852452392
2.811567310321612
1.990468268725849
2.374611764502188
2.5167758165113674
6.6210349007405025
4.752818321349687
0.49874940500411524
5.049264210650339
4.94632844343046
3.3070118106711934
6.494617495934484
2.7417906053963383
9.225021574097083
9.519367490156897
3.7781241527717624
6.913364543680636
4.357695368228097
0.6065842611653538
5.986984379643089
6.798728806803763
6.476535085917091
3.6504799034281135
4.454427058004514
9.256753448549578
0.6584311769029694
7.490018094937872
1.7313785006891502
2.5960839968911573
6.701178500607368
6.9866625600746275
6.839195352374151
6.10098384217258
0.8176914638816479
3.067287219043239
3.1400886878792154
1.96727518871062
4.276982706429853
6.294586834026123
3.354965424598939
2.422729903057924
6.631983557024278
1.9981260251454358
8.338489975023663
1.8082170747251058
1.2231042687822358
1.2198755974920084
6.738744976229625
1.3353650009512397
4.132773652468952
3.8862821396402003
1.6239500118138128
3.1134520469535323
4.69001139315409
8.714621877947256
7.551275378535949
9.852691347036775
5.9854254037351975
8.394597286103048
7.382865486014066
7.403026944651908
7.655848272517679
8.556827521492705
2.4217641582591067
8.977013571948993
0.43415936440258096
4.948100430002782
2.1455146128369607
2.5323067554104437
2.6336624687243013
5.07894605115606
0.9577799452122049
6.353737598253284
2.847721677851991
8.392299052000828
8.95841610595876
2.376908443091219
0.6941840380434161
2.7227221415912597
1.7499967385340875
2.234687238166728
8.420445676438543
4.473860989920597
0.7538800154912384
7.384945414852863
0.6088449992231304
5.537510632143718
0.4014730445502612
1.9923230869273323
7.083399328437857
1.510869193934331
1.8964379416408195
5.488769004436466
5.417723756389986
3.239265190059183
5.011155201737866
0.9270527898214576
4.180301673593968
7.119840568452912
9.585841064108783
5.368394131197892
6.227105980893036
8.947383047576535
7.041292457405193
9.609819562957817
2.9628964917448797
1.3666943000041765
9.296313123434667
6.558796480636222
5.541345148799843
6.2165948070952215
7.998449311786601
0.5021566301874358
7.460474019452025
0.20885853490518858
0.9317455277378794
3.3932715696531366
4.933714014631978
5.481083726500875
4.857805450878132
9.095894381752165
6.778223222162576
5.595700731508229
4.876522987658357
2.275037752380731
4.360931633657952
2.528025937531403
9.660427815139219
5.314708438601784
4.379105660348284
1.0944731585291656
9.621664692282891
4.269275690480965
2.9260553506860187
4.11773578574969
1.2132054979148044
3.4196974396190427
8.403936809911084
4.408956554557961
5.145973526677302
7.507790590585179
3.394424528343163
8.367606031371654
9.321131946197461
1.16117463787333
1.5843647577120412
0.657992004649689
8.731874096980153
6.398481313620794
5.267342676067867
0.017028068091278215
4.4816232949386965
1.4188641347991127
1.803428034694513
2.78108844493834
2.395633777311681
7.131809587733581
3.71818780754103
3.1904834637732904
8.470561554359943
2.0726877010649583
6.858388542428452
7.938292349398947
3.611648960064
1.4764514178958799
4.195635229091053
6.77598952146351
3.749747979699558
2.346328915209961
9.48051932388991
1.2715084253105913
3.5104867750185043
3.3563220612639597
4.998684598454183
0.03608964304688045
2.125454821305702
6.365765262679178
1.1665388874717486
0.894456604947127
9.2303703448152
5.201160163147833
2.6281732957577884
8.568576334903849
5.587763690237818
7.1749511265387556
5.8763781680331295
0.4784554266468921
9.601791956261247
3.562858324837351
7.219468765671535
3.234131304901573
4.760378066734359
6.950843430089476
7.151968928257334
8.301218061363715
5.8449454187530625
5.989729199920781
7.86102373523923
7.168072948762234
2.890596026041101
1.6599547253045455
4.711739460608095
4.125847725089224
1.4596616167702614
3.650893272752617
0.10348495467960572
8.4933978358133
5.809131379509939
0.8986219855374511
9.075505275566888
7.77722134095197
7.98753860222158
6.702975851084875
0.464038546104909
8.852303437423966
0.7894723602005549
6.159179696221846
5.27444354216779
5.782948563912404
5.825948967002365
1.8913014381754156
5.230684619102331
0.3733795276965124
9.736462996156801
3.264222000236383
9.200838593983335
4.94609302020245
1.7736166611076265
4.377773239904935
3.3711252067026374
6.191656766315463
4.633795033991505
7.211145546394517
2.652284062828315
4.216844290039042
7.4874478593054095
8.287623513524586
5.850953337803619
2.138698328501393
5.680099951794065
0.1691557860754278
5.62503141202655
8.730326517184876
5.530304837964795
2.9672245252226226
6.165831844426924
9.719924060547742
5.04332572024491
5.870928291950271
6.911170804036609
2.377734483565744
2.1894078375723414
4.445146344672689
9.392349943393267
2.996352206323599
1.6630877764453689
6.141109855476694
6.554333999775697
7.777979083709977
8.745057225292532
4.0886486360489105
9.56224164594045
4.487949002784709
5.030682520131532
7.803848776447419
6.218602914757697
5.017036091957385
5.369357878367994
8.947795430385247
7.664658877746562
7.715770668334986
8.376445718729068
0.7115402188529429
6.02531583906459
3.0221805297323034
4.334637879197664
0.7793781761191221
5.081181798260848
6.500089050656297
4.1941515069923705
0.13697507776868068
8.912455765831085
9.938297620101665
1.7112459015802017
3.2428382133651343
9.758255849043385
3.631683893226867
7.532131759981812
9.271079945160112
6.071308439419135
1.373455244615902
9.23441617521124
9.260370615997626
4.921744651032768
4.033492316593796
4.980808172361179
0.06843550172919599
9.515080304909244
7.880927623054949
0.5198886116713874
3.0334028567678892
2.638283437565528
0.029803465509070648
9.786322410704525
3.1827596560969074
0.33416031930072587
5.54485639767579
8.307972159429708
3.707631357121862
7.0281214725142895
8.84018273401263
6.019952573975199
0.2345456641715804
3.6927148374723617
6.036735936857434
1.915735469326738
0.1788061731944568
4.4341423871992856
4.9153164252983315
7.233003489534643
4.1530396873527735
4.121304674196224
5.009913137559075
6.577018078962342
9.031449636361186
0.3517475326789654
2.2319617799870106
7.526857366210197
5.83474735186808
7.160208116332269
0.1992854867492666
8.84994388777252
0.1026968901432379
5.42429254767306
4.164191068974081
5.467874194424628
7.860655779549377
5.9081405511184055
3.093389076832198
4.771628715610124
6.663447196584725
5.308761717183145
1.0481190803184715
3.776827446341163
8.514359534758825
3.5310572413984453
0.5460589196185728
9.939767218386482
9.709010303113748
1.7163693534886282
8.057296214335176
0.22256334843965941
1.8432765852420885
5.28572536884849
5.194854818489112
3.2007865577463646
8.351439052685995
4.432776574379274
8.505959869119515
7.649572483227322
2.005143094148132
6.112756122875117
6.053435515827213
8.124255749117737
0.805734092844449
6.622608910506123
0.19733102453114548
3.5691578946803046
2.6419739605569124
2.3537799015078322
3.1450719166771868
8.943237861591353
2.9621062785584584
8.22296289319447
4.934139691663397
2.2438921049040674
4.523676808167235
8.647456817569495
2.54448337230329
0.14027004516389385
4.036488957469264
4.730589662303971
3.808570382656933
4.695044906928868
7.203505966957077
3.559006396011055
0.695189389227937
1.3586636997003432
1.2914822306323548
1.1874441180086126
3.3888156637258104
4.562674117610829
2.927546308136998
9.997944706886571
9.369560076872025
1.818806557399616
8.319920855843101
3.6692831112273785
0.41942008006410236
0.24806465732783
3.540411316540583
8.97871900383674
5.138753899579653
0.9191601107062375
3.8832512393973104
3.0820061884674086
5.152608997506221
6.268203148551691
3.62934548428996
7.7789238657260125
9.719730889027574
4.201635126027585
0.7969050855538218
8.570419927118872
5.9277850221381385
9.251977199781974
5.648917570548687
6.049787197667928
0.06653010631906153
6.361034279356891
6.854858651323657
0.34411855739945874
0.11637961369273975
6.5077844062545145
5.2684911604155875
5.933616869112106
9.572994517873546
5.478250838143465
2.2855633132077258
4.22516585579546
9.049251420117336
7.592241351497094
7.684661824486625
4.742889863222453
4.2541361722310125
5.156909519783871
0.7314349778972518
2.722266461343162
7.04381321219957
1.8096780136743962
8.140848280713895
1.2556767268767144
0.27332491638833223
3.7431362904071475
3.244093482482766
9.936112717184617
7.14807991421522
7.0721059981495005
2.39622261325787
9.182084462115666
1.6824903350368658
2.308146438077474
7.287531544064619
0.10059809446793966
8.718821770152465
8.049347266802766
5.386170004700014
3.8564098288082214
9.742524100126218
5.573337460569945
5.241411631373993
2.0645797992533312
4.4510119377264985
4.039013350157283
8.816465047968691
0.7096862738665277
7.691069657408667
2.4575737921628638
9.396667859605813
4.518882737082054
6.975755455465482
9.48601821107887
0.9333489103635684
6.577313998085747
7.324887107941392
5.42635207027062
2.935607034241566
9.273228851479868
7.643887757494612
2.5813161617100855
4.211699854955263
7.396462112889647
6.263981775822971
0.3225334448198802
8.888694066196285
2.387781701372187
2.612428116677391
9.869551802202368
9.203480572181599
8.34792666110965
7.264681116391589
0.8583306626177023
1.560208657004546
5.46399156028115
3.851078500420859
7.295305857819358
5.288651772179158
4.99713576375843
3.4488506168298096
4.448237547201394
7.414963021233884
1.8994315728341271
5.185953741344504
0.6176300669573709
1.5707400355256496
6.4889867845128135
5.816434759013676
8.562588680924522
4.918264937137256
5.411308984855139
5.997729409300289
0.6225537300574591
3.6592437849963533
4.351205060233534
1.9085106418129383
9.281436537239866
5.321316861308448
0.633340864981653
7.691397384762845
1.0632527622749788
4.581071410980435
2.960908865719165
6.988041748290486
6.22843305036986
8.884235919892712
8.090683474978817
0.5548154455714505
9.757565573514634
0.5631914643526725
0.22907247070178438
1.60551863544392
0.56440324285435
3.5288848415642446
8.35759792666525
1.123236918235142
5.77254758727245
4.928688725928967
9.557569647601696
1.91667663964055
5.220300207846172
5.413697974270551
2.7025446353837426
2.6670111016251297
8.12574715727066
5.8484106111553515
6.623488966508127
1.6194740226274884
9.049225564871536
3.422694462612087
0.025391964645790077
3.91963835359747
3.9328932777166745
6.1903904920956965
7.045407333722552
6.8775225139132745
9.077206697582454
2.0608605671888114
2.3914253879014225
3.663370622875999
6.431683434107582
6.20923857934971
3.4863081184425706
8.097153599896886
7.532414072654335
9.748094767404005
3.9668471069174007
1.2895427323487807
5.811354167301673
2.3176850833212748
3.2478332296494026
4.925311397953482
2.832511960012755
2.003896511469879
0.6604522291978598
5.950821992358418
8.277729328795203
7.682465179881656
9.910554519201467
3.335457924544353
6.20982175572319
1.5149921805995148
0.276167942157558
9.422566293016866
1.2834270353039767
2.88673117039985
5.0749551397958195
6.168677795764288
8.15399487851222
9.578082781914178
5.481146778370821
0.29047311322448754
5.352915010675703
7.4011800945859285
8.757804073131503
0.9971713731435117
1.3518749627946258
5.909898964929279
4.394097503879917
9.581713097196873
5.432103295353955
5.106087476031851
9.498615276500498
1.677323318611591
9.304241327285887
6.316756593327353
6.098542265194334
0.4567304126617455
7.192160211623609
9.606428380844044
7.730877121831896
2.459532963737241
2.299119179021557
0.21579362400391378
0.8856895619350058
7.078899890744968
6.2172391492482495
7.582278778932209
8.472738583525983
6.02199591584305
4.921344881078566
2.5000814505887603
7.531608626016892
0.279229643713117
0.5058043694094116
0.9166821881447595
1.8918434370393233
9.295621741487114
1.7780746495463107
6.739794518166646
2.4133912725510798
0.1332929766097235
9.215242124959449
0.8431703439843952
2.7989942306917315
3.4472794595905922
0.6199204631884303
9.211627417592164
7.768993434376559
8.067580598632636
3.0794473065546466
9.855123098611648
2.625340198382667
6.888552331941883
4.537406841255401
5.748646320860786
8.905438645606718
3.6124586639231557
4.429068559919128
9.619158452538283
9.937770056124082
2.6771968871061302
7.412429218150729
5.902762699332243
2.660074419502021
3.4189216359576147
7.244103946451284
5.634736954142893
8.047202434466922
4.17848520677913
9.304407495905108
1.4120170058320247
1.9195666917803356
2.6563252816946514
0.168532700126518
1.882170848869944
0.7644588385360485
5.353626379189826
0.9508173658064889
8.46485825077042
3.5013232001705727
1.4082899072559318
7.916669117937732
1.2012221387388022
9.858406299815318
4.542447862224027
9.061790223425557
5.753609761008121
9.202028810652747
1.1839587687645425
9.00093017179763
9.642481200622699
0.271058411193702
3.107528563054167
6.588467174111035
2.809305486985835
2.3179835866842824
9.161801695613
0.21069803626689976
5.533709304360286
1.644323176012883
2.8069693688367736
4.644796090549157
5.610086327283098
4.441930858686641
0.28314908330251853
0.7719727708167923
6.503335412561066
7.213081966784641
8.262987794361857
5.262458635072013
8.955344784931455
9.84106035314503
9.812645920596449
1.6174959784611942
0.2032944029634265
3.6192892909172114
3.393527026070007
6.658613898629167
7.597801985723337
7.220877438391355
1.4828110826353447
7.6970361346125
6.97339106023629
7.701782651007873
3.174064165676307
5.196147133729145
0.625708725603078
1.1796222798245093
8.839891182227541
3.757523337036346
5.1893837581114575
8.81648467195458
4.596805941160072
0.7161119468987343
6.087354949910445
8.157930036143924
9.908196073607819
6.522719476893753
2.5369677828950907
7.741690880263212
3.1944603391440083
4.422050330147379
5.350076127813464
4.188416410891157
7.790102991198098
8.702111805263135
8.953851846716395
5.723126723413586
3.9957702657534355
0.9958823987574805
9.18594606560151
4.249878126253494
2.318917237226583
2.7587185028339434
9.482111988392889
9.713462520794998
8.279998360531422
9.125049097300803
0.07633903424000832
5.530795390139154
0.3817764752450936
4.865492215507643
7.773011567392912
2.360975074975078
9.997548101925002
7.120598325591469
7.7275535115725535
9.406822719728456
5.0297870649416705
1.9800100890919758
3.486473709443155
7.8020408350166095
8.223911148482163
2.80590080121381
7.289682277216901
9.436957502190467
5.992578973747528
7.467136936376471
9.327396771907019
6.812150458193181
4.514127469885134
9.355682757574273
2.27091736074457
5.183072134228892
6.714466881071585
3.199350144280956
5.9609949406506075
7.370130779405435
6.524944859198355
1.265064997865304
6.639476145812429
4.157498599606068
5.529406320341645
8.56441302887083
5.549357581260235
9.190263513108095
1.7718665411250323
7.128291604094316
3.105338546446296
6.703351102791402
1.0919294199473806
